    5.66825
    7.47928
    3.67391
    0.05355
    0.73754
    1.33160
    2.17952
    3.42244
    0.16108
    3.22987
    3.47081
    2.06874
    3.86766
    3.30015
    1.00383
    4.01287
    4.45482
    1.50717
    4.56882
    2.56798
    4.80637
    5.50865
    5.54005
    4.02455
    1.47835
    3.39323
    1.15819
    5.98400
    4.97604
    3.74802
    4.21506
    5.52903
    0.93275
    6.05693
    6.12315
    5.58594
    0.61706
    1.37532
    4.80381
    3.03810
    5.19968
    2.61575
    0.76559
    1.01250
    0.15149
    3.75585
    1.14244
    3.18463
    0.48153
    1.00573
    1.14206
    2.15965
    5.03677
    5.49266
    5.87395
    5.96820
    5.97690
    6.14369
    6.20878
    6.46409
    6.50855
    6.57925
    6.58229
    6.59048
    6.61932
    6.64940
    6.69657
    6.72981
    6.74529
    7.06176
    7.19048
    7.28858
    7.31129
    7.34024
    7.46310
    7.51762
    7.55453
    7.69614
    7.73604
    7.92915
    8.13810
    8.20617
    8.55692
    8.85878
    8.97335
    9.00525
    9.01923
    9.28628
    9.46848
    9.47095
    9.53581
    9.53759
    9.65915
    9.68539
    9.77760
    9.78660
    9.90395
    9.97560
    9.97919
    9.99142
